0.000000       0.000000
10.000000       0.176327
20.000000       0.363970
30.000000       0.577350
40.000000       0.839100
50.000000       1.191754
60.000000       1.732051
70.000000       2.747477
80.000000       5.671282
90.000000       Inf
100.000000       -5.671282
110.000000       -2.747477
120.000000       -1.732051
130.000000       -1.191754
140.000000       -0.839100
150.000000       -0.577350
160.000000       -0.363970
170.000000       -0.176327
180.000000       -0.000000
190.000000       0.176327
200.000000       0.363970
210.000000       0.577350
220.000000       0.839100
230.000000       1.191754
240.000000       1.732051
250.000000       2.747477
260.000000       5.671282
270.000000       Inf
280.000000       -5.671282
290.000000       -2.747477
300.000000       -1.732051
310.000000       -1.191754
320.000000       -0.839100
330.000000       -0.577350
340.000000       -0.363970
350.000000       -0.176327
360.000000       0.000000
